# name: debug
# type: sparse matrix
# nnz: 14400
# rows: 120
# columns: 120

1 1 31349721.535530373
2 1 -6218846.170137746
3 1 -11216131.039638737
4 1 -2515917.224856993
5 1 -27440017.768291369
6 1 6264832.348810912
7 1 -580201.190785242
8 1 154444.254225946
9 1 174268.024263901
10 1 88796.069136473
11 1 926785.887015719
12 1 -128998.742491055
13 1 -566032.644536673
14 1 171572.263022829
15 1 148640.882593705
16 1 57886.590113561
17 1 950237.947183932
18 1 -245181.807490378
19 1 -520926.221658436
20 1 163961.851292784
21 1 149524.522562633
22 1 49170.994110758
23 1 908159.909905996
24 1 -249192.467358636
25 1 -525015.099325909
26 1 259970.781228754
27 1 199145.434824924
28 1 134192.102841192
29 1 910759.388909427
30 1 -317848.378058485
31 1 -518367.536860806
32 1 329289.695408840
33 1 237605.845018439
34 1 158471.181623489
35 1 659681.651407404
36 1 -373429.604255792
37 1 -471134.415139795
38 1 324447.676158350
39 1 207116.595660680
40 1 190128.848030212
41 1 543497.657576238
42 1 -253668.150321479
43 1 -418195.231940215
44 1 239952.074473595
45 1 150961.952827681
46 1 145637.871300542
47 1 413727.319012674
48 1 -216681.522149820
49 1 -447703.696079435
50 1 240234.371221482
51 1 142773.843389929
52 1 155000.113726489
53 1 447859.485905202
54 1 -225899.540026912
55 1 -395256.147143880
56 1 184525.376213861
57 1 96192.649287462
58 1 127008.662741764
59 1 391628.451776956
60 1 -181479.305307740
61 1 -350832.251670199
62 1 138779.147023515
63 1 59944.303849139
64 1 107033.007703848
65 1 347776.374430159
66 1 -136370.799426971
67 1 -378129.032109083
68 1 188266.465627505
69 1 42033.928425454
70 1 191799.760126669
71 1 397645.254525768
72 1 -201154.071962523
73 1 -307160.859667917
74 1 147497.178434529
75 1 19440.268502455
76 1 158608.499325168
77 1 322905.574056522
78 1 -157382.626397594
79 1 -364121.671606754
80 1 149096.330288466
81 1 13302.889122222
82 1 160523.355475766
83 1 393125.633919142
84 1 -148290.645623931
85 1 -307596.197119632
86 1 84762.513902035
87 1 -7208.637086972
88 1 77043.215296331
89 1 306843.498752878
90 1 -66633.404880973
91 1 -341632.866230114
92 1 75978.927658783
93 1 -28465.432090001
94 1 71091.258670405
95 1 342026.896302132
96 1 -67346.240078654
97 1 -326920.286702551
98 1 61979.544846088
99 1 -52139.597188011
100 1 64237.386439474
101 1 315973.393132492
102 1 -71835.985065919
103 1 -298787.193058947
104 1 28121.302747960
105 1 -61839.178102610
106 1 17029.727138249
107 1 321309.449914871
108 1 -33097.690873601
109 1 -241234.403206415
110 1 27216.987657577
111 1 -55927.069983054
112 1 29354.658008984
113 1 241561.732596855
114 1 -39978.060276270
115 1 -268741.638313182
116 1 34708.042929622
117 1 -70381.609410899
118 1 42208.354169503
119 1 257238.854990166
120 1 -50152.113481562
1 2 -6218846.170137746
2 2 42874422.391171873
3 2 -4963078.498905655
4 2 32678173.955453213
5 2 2509905.668169674
6 2 -14983538.859187966
7 2 156510.455119651
8 2 -904555.691519444
9 2 104585.943474041
10 2 -1171109.890823378
11 2 -91458.703630217
12 2 226928.775910448
13 2 230861.424878572
14 2 -829926.573485433
15 2 153366.152677176
16 2 -1162791.500388203
17 2 -154070.286010056
18 2 180960.274091890
19 2 231477.987505986
20 2 -791302.989126252
21 2 149922.123392543
22 2 -1116037.985470193
23 2 -159232.148110715
24 2 217708.445049176
25 2 231874.626106934
26 2 -898440.545541178
27 2 154323.202859064
28 2 -1145397.092054619
29 2 -91886.923962266
30 2 444957.730301300
31 2 251800.806315747
32 2 -997035.037797809
33 2 177107.732737500
34 2 -912700.287824092
35 2 -72217.056927182
36 2 569864.664242349
37 2 204535.221833816
38 2 -878635.619887062
39 2 157546.178326239
40 2 -766830.554428573
41 2 -63283.818912574
42 2 437698.467587348
43 2 113477.959761850
44 2 -658380.004845214
45 2 148656.345085252
46 2 -565869.109282763
47 2 -15631.933431934
48 2 321659.064773989
49 2 102956.599580089
50 2 -663834.848168453
51 2 162225.634612424
52 2 -603216.308931062
53 2 -8345.586951823
54 2 308458.254916120
55 2 69537.532412305
56 2 -530501.185965614
57 2 144656.063012358
58 2 -506951.261298614
59 2 -1675.749388390
60 2 202432.197303138
61 2 33829.367556152
62 2 -444969.137706681
63 2 121275.777516556
64 2 -444070.480807818
65 2 6978.179319140
66 2 125452.351936242
67 2 23415.066085089
68 2 -515087.042085387
69 2 128552.051070051
70 2 -583306.914430691
71 2 13424.793241128
72 2 217016.245503442
73 2 9537.902044346
74 2 -408886.567494415
75 2 106943.898296495
76 2 -472659.366897486
77 2 14842.841633368
78 2 146682.264693270
79 2 -9960.962464347
80 2 -469900.879405498
81 2 114181.711957548
82 2 -557957.579749566
83 2 37949.704355571
84 2 133086.326401199
85 2 -33697.474244474
86 2 -373401.868240794
87 2 85174.817981440
88 2 -397192.307213800
89 2 44856.401854133
90 2 16630.332623753
91 2 -36287.779699555
92 2 -415087.534580070
93 2 91940.706061377
94 2 -443103.966637100
95 2 41690.520113425
96 2 -11749.792677575
97 2 -31416.190409444
98 2 -398052.437743739
99 2 97856.150513711
100 2 -401609.591507933
101 2 24785.793713220
102 2 -50416.114947348
103 2 -29860.688843916
104 2 -370623.100374107
105 2 64311.884328271
106 2 -412086.698983318
107 2 29745.411404642
108 2 -61480.533890805
109 2 -21918.238027392
110 2 -311772.985432870
111 2 61902.064681684
112 2 -316201.955892972
113 2 12624.256209700
114 2 -64201.645428150
115 2 -25982.631943641
116 2 -354966.383660224
117 2 77715.739723887
118 2 -337675.548040868
119 2 9799.719617743
120 2 -81570.592785158
1 3 -11216131.039638737
2 3 -4963078.498905656
3 3 12992024.214176930
4 3 -4643667.553343102
5 3 10957688.589077797
6 3 6011.556687317
7 3 165313.188750917
8 3 78993.415068171
9 3 -142157.701367488
10 3 77542.908810104
11 3 -119972.160693818
12 3 1957.460793165
13 3 136206.285333555
14 3 55853.807958569
15 3 -140185.380465363
16 3 63548.358028547
17 3 -62482.338332124
18 3 6656.671532390
19 3 130916.076413583
20 3 37428.319062482
21 3 -133879.451763858
22 3 42880.256670935
23 3 -70267.693512586
24 3 10117.381686948
25 3 130100.445807829
26 3 45709.163424943
27 3 -149142.764065159
28 3 68271.313883482
29 3 -109297.609900926
30 3 7274.921692154
31 3 163163.703595368
32 3 45343.513737315
33 3 -167042.376118594
34 3 92984.071454460
35 3 -170645.717473034
36 3 13830.277329184
37 3 167008.982580194
38 3 34295.429890479
39 3 -155810.964766773
40 3 43154.737343059
41 3 -159951.404239271
42 3 21304.848435621
43 3 177511.197911317
44 3 30552.692375102
45 3 -115820.906458859
46 3 54584.707468257
47 3 -192754.649718057
48 3 32540.667873910
49 3 193882.997090972
50 3 28780.566137298
51 3 -115427.697131474
52 3 55273.714968098
53 3 -209957.422213179
54 3 41034.281813715
55 3 176218.962112012
56 3 28227.102241293
57 3 -87343.593073135
58 3 50214.997926541
59 3 -182633.381565893
60 3 40831.546253699
61 3 164766.232266546
62 3 32130.832306160
63 3 -63681.338280345
64 3 47264.226428562
65 3 -166633.690358148
66 3 36693.710457638
67 3 197974.604737855
68 3 24075.026624727
69 3 -69073.745177103
70 3 47662.385707639
71 3 -231556.568906751
72 3 54578.871577180
73 3 165343.441525483
74 3 21573.009568802
75 3 -49677.204876022
76 3 40901.511294343
77 3 -191774.088768060
78 3 48957.537715487
79 3 196490.590573296
80 3 21308.512826707
81 3 -49976.173752523
82 3 34390.321116522
83 3 -228077.839264369
84 3 51918.915720147
85 3 163141.153997835
86 3 24637.554775655
87 3 -21628.514493282
88 3 21625.319683244
89 3 -161518.107337506
90 3 31624.013235102
91 3 181836.090790941
92 3 33542.579124032
93 3 -13675.462912818
94 3 26530.471200877
95 3 -178694.045474302
96 3 36150.312613051
97 3 170094.337363625
98 3 49007.913044376
99 3 -2959.269838458
100 3 42343.072493956
101 3 -155809.425240967
102 3 43373.948353745
103 3 159960.841284776
104 3 37268.576217715
105 3 4095.406684722
106 3 16207.315565629
107 3 -165418.857796841
108 3 21352.296184262
109 3 128812.674761289
110 3 39267.274530499
111 3 8618.012818260
112 3 28194.737414381
113 3 -122558.493981578
114 3 28616.224573191
115 3 143547.180834671
116 3 53560.489531355
117 3 13811.999559049
118 3 42250.426078302
119 3 -128890.753606730
120 3 39827.613657569
1 4 -2515917.224856993
2 4 32678173.955453213
3 4 -4643667.553343101
4 4 43883208.092036895
5 4 -73905.154499220
6 4 -10051217.353602475
7 4 98695.210158194
8 4 -1163381.473765710
9 4 107830.201050191
10 4 -2357759.811110866
11 4 -51574.032393138
12 4 -111342.327064018
13 4 174829.776533583
14 4 -1100583.129791651
15 4 181115.156936194
16 4 -2538431.009849295
17 4 -180587.308769603
18 4 -265336.860618521
19 4 187810.325226057
20 4 -1041197.961120464
21 4 178597.051915882
22 4 -2437559.082478192
23 4 -198646.260370554
24 4 -178157.637331133
25 4 157183.779512370
26 4 -1092703.570882046
27 4 192452.971247300
28 4 -2378920.653877718
29 4 -27648.397305805
30 4 295168.702985108
31 4 157179.861745997
32 4 -924098.329281209
33 4 203664.406235182
34 4 -1244259.344633601
35 4 -17196.168826415
36 4 381586.566801523
37 4 126315.215720571
38 4 -775965.985049521
39 4 136777.468665362
40 4 -953958.229829121
41 4 20964.173146895
42 4 168012.417764673
43 4 48205.771761259
44 4 -513934.894946032
45 4 135634.946083698
46 4 -480575.709745013
47 4 27013.013101193
48 4 246011.787455033
49 4 38319.774576248
50 4 -529799.546822701
51 4 148030.881493970
52 4 -520375.921486008
53 4 36172.255414356
54 4 237149.167920821
55 4 15696.005546255
56 4 -423319.367626046
57 4 129019.670561219
58 4 -439968.700749080
59 4 36981.440414175
60 4 148724.189048850
61 4 -8125.691806089
62 4 -359449.584348158
63 4 106777.460847878
64 4 -383271.595939788
65 4 40168.104300721
66 4 87337.601594270
67 4 -22720.337876927
68 4 -444396.526902922
69 4 128918.717864020
70 4 -556311.848680293
71 4 79115.522261321
72 4 190831.893222656
73 4 -29090.754778811
74 4 -355305.376365114
75 4 108032.465486267
76 4 -454499.438964218
77 4 72289.188244139
78 4 125082.131739947
79 4 -51411.292923787
80 4 -423851.119017610
81 4 109829.507042049
82 4 -555166.853327311
83 4 95666.852204424
84 4 112541.016862068
85 4 -56352.620217827
86 4 -323281.634724959
87 4 66257.608486542
88 4 -371143.951623783
89 4 63630.569333111
90 4 4639.223452814
91 4 -59991.972519207
92 4 -366892.452211625
93 4 69305.222561117
94 4 -424142.972018839
95 4 61271.811392609
96 4 -24169.436661160
97 4 -57432.630547653
98 4 -347020.434412482
99 4 75778.081501596
100 4 -372252.638722978
101 4 48249.333451560
102 4 -65378.433471512
103 4 -40708.128776278
104 4 -356992.078964221
105 4 34652.815425937
106 4 -457001.211508620
107 4 32098.973277442
108 4 -83279.273888046
109 4 -36221.399994628
110 4 -282459.281128005
111 4 43570.418331515
112 4 -308880.045990568
113 4 24536.831188015
114 4 -74448.193002806
115 4 -45934.510191720
116 4 -307373.301864406
117 4 57668.039066781
118 4 -306966.339474536
119 4 29448.276744354
120 4 -87975.921988644
1 5 -27440017.768291369
2 5 2509905.668169674
3 5 10957688.589077797
4 5 -73905.154499220
5 5 43951095.971886598
6 5 -4201401.846172971
7 5 917835.535685839
8 5 -94623.191894048
9 5 -133556.521863994
10 5 -35942.602448845
11 5 -2221028.618660451
12 5 64499.299334224
13 5 903519.093096547
14 5 -82492.784768220
15 5 -87657.830159183
16 5 95952.005381827
17 5 -2425512.285095028
18 5 336157.275206916
19 5 844749.311612234
20 5 -84502.364494225
21 5 -104450.080824666
22 5 118339.776661967
23 5 -2337248.267088119
24 5 365848.013925671
25 5 819753.475331305
26 5 -193653.726612631
27 5 -203848.899346514
28 5 -88446.695150151
29 5 -2264873.990435582
30 5 444042.373295985
31 5 614301.186999098
32 5 -237492.721339427
33 5 -239992.570874079
34 5 -111875.793017533
35 5 -1129657.962563572
36 5 457536.227025582
37 5 512878.674420512
38 5 -247215.998393386
39 5 -189600.204870878
40 5 -133952.690424429
41 5 -861496.502362916
42 5 132505.035885597
43 5 400992.034217109
44 5 -167387.584060991
45 5 -160565.526773847
46 5 -95020.143404512
47 5 -429375.802986726
48 5 186120.843210076
49 5 438321.057120767
50 5 -171799.581501215
51 5 -156172.018785210
52 5 -103997.586535628
53 5 -471678.626915301
54 5 199858.763750782
55 5 388106.236724260
56 5 -128295.551205198
57 5 -106125.105446180
58 5 -83009.223781117
59 5 -413802.576727268
60 5 164615.218815414
61 5 348300.138576767
62 5 -93354.435702221
63 5 -68624.614033267
64 5 -67889.029967472
65 5 -365740.668329166
66 5 126005.746718254
67 5 418417.360013831
68 5 -153440.823073215
69 5 -75511.296213795
70 5 -149349.129356538
71 5 -502965.202940950
72 5 229837.796899749
73 5 346566.005643307
74 5 -120389.524168644
75 5 -46516.813675924
76 5 -123632.205575328
77 5 -416034.656752711
78 5 186540.901966364
79 5 423168.015046995
80 5 -122284.953727388
81 5 -42661.378389281
82 5 -130664.055018644
83 5 -516215.082144888
84 5 172056.196036298
85 5 330890.507608055
86 5 -56735.408376099
87 5 -2089.258496366
88 5 -57099.699265030
89 5 -356512.939855814
90 5 61707.543892285
91 5 372851.236146248
92 5 -45988.387501754
93 5 20160.101076629
94 5 -49831.458057710
95 5 -405483.059764098
96 5 62964.930078803
97 5 344407.037040145
98 5 -27368.940829070
99 5 47722.980511142
100 5 -35833.540921737
101 5 -355419.984813313
102 5 75484.214799408
103 5 352552.531446856
104 5 -4372.883191085
105 5 60988.250017346
106 5 -662.762558141
107 5 -435093.608473979
108 5 5939.963897632
109 5 265261.403324694
110 5 -4122.882783482
111 5 55141.119953552
112 5 -11472.809123029
113 5 -288949.125549679
114 5 39403.688553078
115 5 281511.323776524
116 5 -4049.295211237
117 5 67877.153712580
118 5 -16795.448085793
119 5 -284733.498221631
120 5 57190.537985510
1 6 6264832.348810912
2 6 -14983538.859187966
3 6 6011.556687317
4 6 -10051217.353602475
5 6 -4201401.846172971
6 6 17468107.956766084
7 6 -102690.105254606
8 6 205547.599333707
9 6 -3294.968427122
10 6 -155199.086911332
11 6 -13954.471982100
12 6 -605116.488746185
13 6 -135638.089661312
14 6 131730.083213701
15 6 -7663.501584011
16 6 -318039.821194364
17 6 -23842.998787248
18 6 -682134.858033613
19 6 -120887.061476736
20 6 147797.562021623
21 6 -10377.687848998
22 6 -261805.868451927
23 6 -61410.468344654
24 6 -677619.766590005
25 6 -158791.391024283
26 6 264881.830137518
27 6 -7826.091035916
28 6 -66783.554308260
29 6 51418.867854186
30 6 -611454.140688826
31 6 -207892.511489401
32 6 390468.963720455
33 6 -13859.464050910
34 6 140028.312239232
35 6 185776.626394027
36 6 -413253.923191460
37 6 -130179.457102438
38 6 328983.873397324
39 6 -19874.034647832
40 6 53308.721939618
41 6 -25936.952465420
42 6 -453767.291495594
43 6 -117696.363511914
44 6 295922.267547396
45 6 -30167.592226270
46 6 248397.578982668
47 6 80579.684981081
48 6 -169562.381660500
49 6 -119925.214133515
50 6 303399.605759368
51 6 -37728.783278142
52 6 268579.973933448
53 6 83262.715433309
54 6 -170377.011720431
55 6 -98170.442768556
56 6 236163.506372224
57 6 -38198.054013754
58 6 220228.088978704
59 6 72215.649185452
60 6 -117533.008425093
61 6 -77914.567653055
62 6 197528.892033516
63 6 -36229.142899482
64 6 193785.730879899
65 6 61957.630980509
66 6 -79754.397969048
67 6 -123154.790219668
68 6 343198.897083209
69 6 -61257.291642554
70 6 441331.705664252
71 6 116752.397780671
72 6 -274824.841449733
73 6 -98856.143178386
74 6 275256.541667503
75 6 -56322.489410602
76 6 365703.373618401
77 6 97424.610581182
78 6 -204058.755667582
79 6 -83156.167209048
80 6 306902.042138897
81 6 -59704.165953770
82 6 414726.341808570
83 6 71354.453684236
84 6 -189225.693316419
85 6 -24898.696268209
86 6 181477.332990813
87 6 -33694.714698532
88 6 205117.764917211
89 6 9537.743713105
90 6 -27366.194838237
91 6 -25941.691848235
92 6 202115.881846064
93 6 -38401.152295516
94 6 232558.382296068
95 6 10164.965317083
96 6 -15619.024472162
97 6 -39444.947273652
98 6 174903.350856765
99 6 -45993.005302812
100 6 184209.795230605
101 6 35607.551377201
102 6 1833.488098129
103 6 -660.862077297
104 6 195320.740145481
105 6 -18147.130965620
106 6 265967.400725466
107 6 -39812.988214228
108 6 1493.694109761
109 6 -20675.741377313
110 6 144842.611854358
111 6 -29287.229440915
112 6 161089.107411332
113 6 15170.460931809
114 6 16315.723612241
115 6 -32725.806674391
116 6 153270.966268536
117 6 -41838.296468924
118 6 152979.946840827
119 6 35678.603508552
120 6 22151.362533364
1 7 -580201.190785242
2 7 156510.455119651
3 7 165313.188750917
4 7 98695.210158194
5 7 917835.535685839
6 7 -102690.105254606
7 7 34500109.915391885
8 7 -8009215.314215695
9 7 -12766732.409120549
10 7 -3190033.988113898
11 7 -30311410.022462178
12 7 8180374.331381870
13 7 -682172.627440776
14 7 211069.054881448
15 7 190809.201525934
16 7 71626.652643258
17 7 1108150.699786334
18 7 -286822.325872527
19 7 -632897.442541545
20 7 194008.996701861
21 7 196699.340169700
22 7 58538.572593414
23 7 1082925.801506146
24 7 -290856.730848411
25 7 -618221.462780823
26 7 305636.754392743
27 7 239580.930930733
28 7 156870.868268716
29 7 1056754.776665335
30 7 -352759.074927514
31 7 -624522.856054154
32 7 400230.760778099
33 7 282903.385223459
34 7 199506.411108551
35 7 811187.584361504
36 7 -434316.834868847
37 7 -504287.100936875
38 7 362358.664885556
39 7 216250.644912673
40 7 213485.152699786
41 7 571307.537102142
42 7 -282919.187880535
43 7 -515224.306280604
44 7 306410.429626232
45 7 185987.728680532
46 7 194168.505573008
47 7 515906.344931016
48 7 -271948.083262682
49 7 -495365.494920503
50 7 278786.629305802
51 7 153070.560259512
52 7 185741.298923467
53 7 495903.376922551
54 7 -256980.289665741
55 7 -446573.197979394
56 7 217596.309580306
57 7 104891.932338237
58 7 156793.493899949
59 7 447645.704222070
60 7 -210995.099152324
61 7 -449016.366940782
62 7 188160.102383294
63 7 69414.890859570
64 7 149342.438338436
65 7 444085.958512852
66 7 -181618.948813268
67 7 -384555.166088794
68 7 162719.768973348
69 7 40615.063525738
70 7 139464.323145701
71 7 374321.914935539
72 7 -119547.782466297
73 7 -297516.436289666
74 7 122645.182326520
75 7 14738.755733569
76 7 107606.512990757
77 7 282436.246762579
78 7 -89579.189049963
79 7 -348732.964950679
80 7 129413.807767140
81 7 9774.402081273
82 7 117999.618246230
83 7 344668.765442264
84 7 -92118.574162491
85 7 -364520.934671712
86 7 115992.627332985
87 7 -11071.646283071
88 7 107842.946660838
89 7 350559.923335835
90 7 -87378.076649832
91 7 -364557.809132099
92 7 96138.619924766
93 7 -34173.116303612
94 7 94227.296589625
95 7 355467.718876302
96 7 -80828.974134709
97 7 -362732.656891803
98 7 78276.390095775
99 7 -59782.890396240
100 7 83576.165201522
101 7 350732.781781154
102 7 -81035.149696403
103 7 -324771.774662557
104 7 55600.930811686
105 7 -68064.913472158
106 7 63587.009482427
107 7 309522.313018057
108 7 -65640.444553799
109 7 -287800.213932186
110 7 43991.474357293
111 7 -69625.570162947
112 7 49692.582637254
113 7 281318.314373882
114 7 -52233.584100046
115 7 -283754.920641300
116 7 43967.163649591
117 7 -76224.669122782
118 7 52851.083874151
119 7 273956.218964107
120 7 -51769.643930870
1 8 154444.254225946
2 8 -904555.691519444
3 8 78993.415068171
4 8 -1163381.473765710
5 8 -94623.191894048
6 8 205547.599333707
7 8 -8009215.314215694
8 8 47579229.609986611
9 8 -6245439.002507091
10 8 36160232.800916202
11 8 3173141.975817190
12 8 -17264743.268575970
13 8 280261.841265845
14 8 -1018871.711728242
15 8 171202.536743850
16 8 -1371382.008894563
17 8 -171856.353785779
18 8 316415.081769144
19 8 274147.530146072
20 8 -992624.740937011
21 8 167624.291395328
22 8 -1359731.274366096
23 8 -176681.153941224
24 8 380549.797139423
25 8 266380.185618026
26 8 -1077054.121970418
27 8 165693.006448042
28 8 -1343174.525755959
29 8 -94810.129205746
30 8 603360.787772322
31 8 301015.882158668
32 8 -1202826.873248784
33 8 195539.149281239
34 8 -1121756.691766251
35 8 -84906.819800575
36 8 742245.038563611
37 8 231410.322589876
38 8 -945567.318982806
39 8 159268.197627624
40 8 -816551.014107434
41 8 -78100.689207916
42 8 482838.510894476
43 8 148300.918096944
44 8 -835885.762413865
45 8 174319.503190388
46 8 -726968.405875602
47 8 -30727.903182009
48 8 422966.148000648
49 8 128180.091180725
50 8 -740387.799455845
51 8 172983.691275899
52 8 -677175.714452847
53 8 -24311.134944008
54 8 352412.901342873
55 8 89784.525213504
56 8 -604360.044262358
57 8 158451.986236301
58 8 -587237.218268784
59 8 -14715.731693434
60 8 239809.530481270
61 8 58237.973971021
62 8 -566048.553880141
63 8 152557.187039503
64 8 -566543.302142670
65 8 -6274.742857372
66 8 164008.440627275
67 8 -2702.700691788
68 8 -496919.881433180
69 8 119194.268142863
70 8 -499394.007930263
71 8 32803.498897067
72 8 103074.876435358
73 8 -8499.566613001
74 8 -371412.956703883
75 8 95708.545734605
76 8 -369841.471940110
77 8 26128.378003902
78 8 53205.181421498
79 8 -21510.872796259
80 8 -438163.796747408
81 8 103624.827206029
82 8 -456141.670886907
83 8 40060.380633727
84 8 51654.022126540
85 8 -24140.540483117
86 8 -452188.071063033
87 8 108518.670145129
88 8 -463812.131233797
89 8 34426.273984052
90 8 21084.605551646
91 8 -23693.001605242
92 8 -449138.960353762
93 8 107284.172207830
94 8 -467892.561344638
95 8 26504.456396166
96 8 -12235.562414885
97 8 -23704.781749283
98 8 -450351.991630644
99 8 111260.998106963
100 8 -453885.946946335
101 8 15595.229463309
102 8 -54045.908517358
103 8 -16871.546154278
104 8 -415623.712118899
105 8 98272.369452550
106 8 -407121.707194850
107 8 3066.305430134
108 8 -67483.722375033
109 8 -16679.110838221
110 8 -374961.754669703
111 8 83018.918003934
112 8 -371640.762272130
113 8 3357.235925282
114 8 -74629.392224734
115 8 -18698.088644641
116 8 -381170.798167097
117 8 84165.588233067
118 8 -363702.453173007
119 8 1773.858684445
120 8 -86401.984813251
1 9 174268.024263901
2 9 104585.943474041
3 9 -142157.701367488
4 9 107830.201050191
5 9 -133556.521863994
6 9 -3294.968427122
7 9 -12766732.409120549
8 9 -6245439.002507091
9 9 14478929.982926439
10 9 -6077886.845842506
11 9 12530251.125089265
12 9 16892.012296708
13 9 182813.792770696
14 9 80987.004807990
15 9 -179810.482047158
16 9 100410.376796794
17 9 -137507.352788751
18 9 12877.403757588
19 9 178605.352125787
20 9 55195.530859578
21 9 -173505.598711699
22 9 74281.364170347
23 9 -155242.169063766
24 9 20111.386719472
25 9 163430.062319508
26 9 63167.171207791
27 9 -185688.553377014
28 9 92345.017118503
29 9 -176138.060201084
30 9 10291.785552063
31 9 199552.309090572
32 9 67135.001661393
33 9 -208811.131850347
34 9 117332.696227204
35 9 -235818.487079272
36 9 14970.514692222
37 9 180919.909950500
38 9 51360.398514591
39 9 -172005.729915333
40 9 61127.004483173
41 9 -180842.326432573
42 9 16769.289210434
43 9 227145.155428649
44 9 47087.968515184
45 9 -150867.504472101
46 9 76097.259181218
47 9 -253852.587319908
48 9 36406.367816822
49 9 219094.411750218
50 9 43510.434823146
51 9 -133338.641868217
52 9 72980.396722594
53 9 -241595.560958294
54 9 41908.298620502
55 9 204067.090495281
56 9 41530.511882098
57 9 -103033.110099827
58 9 67473.503599410
59 9 -217350.247741864
60 9 44745.324048036
61 9 213479.591729375
62 9 52306.377979921
63 9 -85226.798113955
64 9 73246.993955660
65 9 -217490.329513056
66 9 46660.211592070
67 9 204854.453912520
68 9 37398.284699795
69 9 -58812.350901822
70 9 46234.612915660
71 9 -204341.259306174
72 9 38100.727957976
73 9 159833.239536272
74 9 32901.300322729
75 9 -38067.258460329
76 9 38791.457595957
77 9 -153273.822014583
78 9 32844.329032482
79 9 190194.521483190
80 9 33422.599756961
81 9 -37897.981952023
82 9 37068.138351226
83 9 -189043.193345654
84 9 37285.608131739
85 9 201841.222063361
86 9 41213.244837540
87 9 -27610.798817632
88 9 41513.418696598
89 9 -193686.876193823
90 9 42089.430081440
91 9 201116.759449524
92 9 49453.655859174
93 9 -15805.439688877
94 9 45985.912962999
95 9 -193107.839872484
96 9 45223.823648651
97 9 196453.838267194
98 9 63749.067939349
99 9 -3512.575718154
100 9 58410.975799648
101 9 -181040.389741755
102 9 52598.984793769
103 9 179274.051700181
104 9 66756.599234159
105 9 7064.975327139
106 9 57686.378894756
107 9 -163805.850373722
108 9 49630.716475015
109 9 158742.500696162
110 9 60077.293701580
111 9 9951.645835807
112 9 48373.715457556
113 9 -147381.061518955
114 9 41960.741431629
115 9 156932.797271820
116 9 64337.534024273
117 9 15365.478903081
118 9 53145.678863060
119 9 -142362.619946709
120 9 45721.523519541
1 10 88796.069136473
2 10 -1171109.890823378
3 10 77542.908810104
4 10 -2357759.811110866
5 10 -35942.602448845
6 10 -155199.086911332
7 10 -3190033.988113898
8 10 36160232.800916202
9 10 -6077886.845842506
10 10 46992760.764127530
11 10 -56312.489039011
12 10 -11467015.948202843
13 10 198107.981532259
14 10 -1314177.213744686
15 10 201794.700086749
16 10 -2869279.603715611
17 10 -179492.926383264
18 10 -122040.815509493
19 10 214874.753575332
20 10 -1287721.056864544
21 10 202354.620707633
22 10 -2821717.309997386
23 10 -204215.626152594
24 10 9573.159928752
25 10 164952.634665320
26 10 -1302937.263134114
27 10 207974.842769705
28 10 -2723450.847233368
29 10 -7408.364181926
30 10 497364.669350059
31 10 176152.944333900
32 10 -1142909.293091532
33 10 229820.992352186
34 10 -1551180.166765370
35 10 -1125.648462307
36 10 576555.604864390
37 10 136926.693724932
38 10 -826390.953333240
39 10 142835.604059177
40 10 -999926.588300323
41 10 20990.626832314
42 10 199005.467925962
43 10 61319.046206710
44 10 -658100.007980591
45 10 164262.377742576
46 10 -615693.652329301
47 10 30746.106014489
48 10 325283.868045431
49 10 47164.426623433
50 10 -592279.539222594
51 10 162264.490037809
52 10 -582430.750599586
53 10 35252.343549610
54 10 269421.183720024
55 10 21624.581685509
56 10 -488180.897259332
57 10 145972.957189760
58 10 -510856.323254601
59 10 38205.673935674
60 10 177106.001934537
61 10 -5681.174722246
62 10 -456312.706926256
63 10 137242.253918849
64 10 -489755.756304855
65 10 45941.906495342
66 10 112249.869147097
67 10 -47100.856406934
68 10 -401031.866456759
69 10 102151.197947011
70 10 -425211.959702803
71 10 69736.410586167
72 10 71081.769381758
73 10 -42742.150617817
74 10 -297103.746682579
75 10 80431.713654886
76 10 -312663.630651264
77 10 55093.609547439
78 10 30550.235835196
79 10 -57858.717744050
80 10 -366373.896989399
81 10 86190.718466953
82 10 -405573.682297761
83 10 71716.786779637
84 10 30826.567874665
85 10 -60056.101478332
86 10 -376249.606330914
87 10 87051.105011674
88 10 -407861.812430485
89 10 65544.619029577
90 10 3935.091044589
91 10 -59457.060557572
92 10 -386599.214389863
93 10 84568.279162374
94 10 -425958.196966077
95 10 58231.608980100
96 10 -26986.133227577
97 10 -60807.208333814
98 10 -390703.315398162
99 10 88281.686780039
100 10 -410714.970952982
101 10 50111.920430800
102 10 -70640.146604078
103 10 -49417.296660603
104 10 -356818.318019714
105 10 75887.270940661
106 10 -360996.441324888
107 10 34203.082263331
108 10 -74567.291198418
109 10 -43104.087852210
110 10 -331246.501537216
111 10 60829.676740147
112 10 -346536.420811718
113 10 27584.274953618
114 10 -84560.968931577
115 10 -46420.580321069
116 10 -330291.443133981
117 10 63143.848181473
118 10 -327063.655439151
119 10 29093.424166089
120 10 -93229.477976698
1 11 926785.887015719
2 11 -91458.703630217
3 11 -119972.160693818
4 11 -51574.032393138
5 11 -2221028.618660451
6 11 -13954.471982100
7 11 -30311410.022462178
8 11 3173141.975817190
9 11 12530251.125089265
10 11 -56312.489039011
11 11 46914079.051228538
12 11 -5945933.081982718
13 11 1064124.773505650
14 11 -97970.933119804
15 11 -152811.365214577
16 11 96161.936361897
17 11 -2733266.972887971
18 11 373080.275665594
19 11 1017466.422597420
20 11 -100422.851050353
21 11 -183319.295957673
22 11 119300.877049138
23 11 -2683521.192396421
24 11 415330.791362433
25 11 956633.494484814
26 11 -218717.463359554
27 11 -272760.048902762
28 11 -111465.257398455
29 11 -2575180.452476561
30 11 477433.638618685
31 11 752996.539202825
32 11 -282734.862158078
33 11 -311564.298327261
34 11 -145585.100081638
35 11 -1403832.751002297
36 11 514327.575132684
37 11 543193.080081178
38 11 -265677.871448879
39 11 -204106.552304315
40 11 -145482.066380399
41 11 -895099.183129576
42 11 149415.176568690
43 11 501649.991300515
44 11 -211068.741731277
45 11 -205872.783371594
46 11 -123395.365144567
47 11 -541493.496284465
48 11 230746.944349886
49 11 487859.139152233
50 11 -194115.657229027
51 11 -173638.098012218
52 11 -119431.265770205
53 11 -525239.704965142
54 11 223722.788670041
55 11 445648.182915700
56 11 -149186.044359856
57 11 -121995.025963408
58 11 -99237.133920796
59 11 -477978.927053853
60 11 190556.894297199
61 11 446855.607897774
62 11 -121567.026661823
63 11 -84188.230542638
64 11 -90870.681796453
65 11 -468772.433892705
66 11 167304.831646539
67 11 391809.798192031
68 11 -108559.804761002
69 11 -55210.389745091
70 11 -93190.798291757
71 11 -403117.661819485
72 11 109763.868354628
73 11 300027.501649726
74 11 -79179.556087408
75 11 -24968.879233297
76 11 -70129.885386574
77 11 -300460.318633900
78 11 84201.188380479
79 11 369204.648836815
80 11 -86889.862759578
81 11 -22654.868329542
82 11 -82524.562544612
83 11 -387991.027394121
84 11 87513.889560636
85 11 383368.951989757
86 11 -72148.631716122
87 11 -1437.693046264
88 11 -70602.515601224
89 11 -390445.064214704
90 11 85032.098264084
91 11 391878.212671511
92 11 -54069.997548773
93 11 23403.457473862
94 11 -58448.186037277
95 11 -406217.528857020
96 11 81638.874156657
97 11 385642.892686392
98 11 -33628.222817205
99 11 53397.110068191
100 11 -44057.388899539
101 11 -390906.421672314
102 11 89098.793882740
103 11 343814.136881836
104 11 -14355.797848519
105 11 61607.068655729
106 11 -26821.430011535
107 11 -339901.245447315
108 11 74848.529274437
109 11 311128.631093963
110 11 -7860.764735248
111 11 65890.321401331
112 11 -18845.753482327
113 11 -323383.786474887
114 11 56912.052077873
115 11 301573.638350549
116 11 -5945.815087578
117 11 73414.891460423
118 11 -20078.954332464
119 11 -303703.674132280
120 11 62350.392576649
1 12 -128998.742491055
2 12 226928.775910448
3 12 1957.460793165
4 12 -111342.327064018
5 12 64499.299334224
6 12 -605116.488746185
7 12 8180374.331381870
8 12 -17264743.268575970
9 12 16892.012296708
10 12 -11467015.948202843
11 12 -5945933.081982718
12 12 17946044.465651508
13 12 -195694.982892584
14 12 270617.190648771
15 12 -16459.432393542
16 12 -149360.112418905
17 12 70841.028241654
18 12 -806992.000709364
19 12 -175063.366576104
20 12 302854.693882144
21 12 -21755.659090559
22 12 -66337.665110605
23 12 27729.658888104
24 12 -827710.754286624
25 12 -198158.370233345
26 12 407882.727539773
27 12 -12554.338824904
28 12 110767.853999142
29 12 114383.352832752
30 12 -776992.667738886
31 12 -256666.559842633
32 12 541824.340750149
33 12 -16836.050458447
34 12 291404.839700762
35 12 228121.328817684
36 12 -573271.231444548
37 12 -163668.769007086
38 12 386801.961415018
39 12 -17784.073788695
40 12 100575.182748232
41 12 11903.475303603
42 12 -488031.632442805
43 12 -161291.568677388
44 12 406528.132332267
45 12 -35038.655900314
46 12 345987.446836291
47 12 114518.345340057
48 12 -238328.345637934
49 12 -152971.470153920
50 12 362386.276286566
51 12 -39718.102382402
52 12 322375.702614541
53 12 111257.336966193
54 12 -207480.100601049
55 12 -128882.920608249
56 12 290682.493926413
57 12 -43022.086535285
58 12 275175.556611478
59 12 99708.931622336
60 12 -149257.628364537
61 12 -120678.486083515
62 12 267171.520880507
63 12 -47190.971227118
64 12 263767.012855009
65 12 101099.144085123
66 12 -113542.891686375
67 12 -72666.415246046
68 12 245507.974444285
69 12 -41532.590754842
70 12 248721.761364193
71 12 56897.736436232
72 12 -72868.593939083
73 12 -57116.622593276
74 12 179753.341079824
75 12 -36176.146243743
76 12 180443.052343477
77 12 46926.893756416
78 12 -43756.248796782
79 12 -52960.652391884
80 12 220167.332511345
81 12 -41281.941626507
82 12 235924.022516283
83 12 39513.436191605
84 12 -48022.757914568
85 12 -53399.721288239
86 12 223617.624428651
87 12 -47036.455186737
88 12 237449.657932262
89 12 41792.348700238
90 12 -31739.931829078
91 12 -53049.235018952
92 12 223158.019458145
93 12 -50558.301038253
94 12 243169.844879154
95 12 43985.419565090
96 12 -16055.921084799
97 12 -59807.619893329
98 12 208380.103587101
99 12 -57982.558039465
100 12 214842.444280211
101 12 59514.987274362
102 12 1895.074871151
103 12 -54500.133147094
104 12 193471.859432289
105 12 -54741.495467813
106 12 196170.119334466
107 12 56904.312663959
108 12 14012.034734099
109 12 -43218.563779344
110 12 177134.277216763
111 12 -45462.038393612
112 12 187572.894076069
113 12 42064.940697654
114 12 18598.476734632
115 12 -45462.924913057
116 12 172983.743019522
117 12 -49818.985532850
118 12 171211.382053329
119 12 50630.068407550
120 12 24447.093776688
1 13 -566032.644536673
2 13 230861.424878572
3 13 136206.285333555
4 13 174829.776533583
5 13 903519.093096547
6 13 -135638.089661312
7 13 -682172.627440776
8 13 280261.841265845
9 13 182813.792770696
10 13 198107.981532259
11 13 1064124.773505650
12 13 -195694.982892584
13 13 34565723.782428548
14 13 -11268122.996125581
15 13 -11153145.843296573
16 13 -4576137.841767401
17 13 -30168969.024815779
18 13 12710076.351633105
19 13 -706888.569321699
20 13 280157.699984379
21 13 177513.734403283
22 13 147559.316176414
23 13 1191829.757982242
24 13 -347842.762436230
25 13 -768261.533152815
26 13 463221.781295653
27 13 262409.761139149
28 13 292150.849082659
29 13 1258787.562394972
30 13 -484981.807191380
31 13 -736395.097829001
32 13 564640.619728113
33 13 288098.189078230
34 13 316100.065788076
35 13 932158.083878126
36 13 -558206.879691160
37 13 -565969.919749540
38 13 485270.570999858
39 13 212912.965905662
40 13 312405.649763279
41 13 623916.905404524
42 13 -355755.990751997
43 13 -588564.858281212
44 13 419313.714809681
45 13 175983.885176800
46 13 287201.254737829
47 13 587813.252814066
48 13 -341629.448590114
49 13 -565899.951414734
50 13 371951.849195250
51 13 133676.568572972
52 13 264410.421304677
53 13 566760.903399323
54 13 -311157.294786935
55 13 -525438.154594969
56 13 301857.620184295
57 13 88006.262563673
58 13 234159.671017619
59 13 534147.393037136
60 13 -260188.172688996
61 13 -435165.985932471
62 13 226618.098091982
63 13 42856.211757588
64 13 186529.616426562
65 13 430735.725778234
66 13 -180117.071203766
67 13 -380528.888194480
68 13 199461.185534921
69 13 17260.339437976
70 13 177649.025917138
71 13 374597.465184010
72 13 -123859.577875601
73 13 -298778.968082152
74 13 159090.765995348
75 13 4311.571820959
76 13 143873.636390407
77 13 284294.296802846
78 13 -94721.217622804
79 13 -319628.498093662
80 13 153535.289716719
81 13 -6219.259586669
82 13 147943.972542777
83 13 322220.175713954
84 13 -90683.892212602
85 13 -364012.317765282
86 13 151619.807287606
87 13 -35196.006787770
88 13 149739.584183464
89 13 362012.505801871
90 13 -92462.068014052
91 13 -326686.816583282
92 13 125407.708458860
93 13 -45756.949261021
94 13 124800.039726419
95 13 316920.579599547
96 13 -75366.704757983
97 13 -347801.087142285
98 13 115399.751296293
99 13 -70222.923027587
100 13 119595.653950436
101 13 340713.540884783
102 13 -72115.799899154
103 13 -278856.510468746
104 13 84818.401286976
105 13 -67299.497431314
106 13 88485.668701237
107 13 261031.082210439
108 13 -52198.934174026
109 13 -264372.508692123
110 13 79183.455169906
111 13 -70785.077022292
112 13 81707.283413227
113 13 245638.431460713
114 13 -45094.856131729
115 13 -243840.141902160
116 13 69510.390144966
117 13 -70787.469927962
118 13 73412.563889627
119 13 235707.788613908
120 13 -35552.500021284
1 14 171572.263022829
2 14 -829926.573485433
3 14 55853.807958569
4 14 -1100583.129791651
5 14 -82492.784768220
6 14 131730.083213701
7 14 211069.054881448
8 14 -1018871.711728242
9 14 80987.004807990
10 14 -1314177.213744686
11 14 -97970.933119804
12 14 270617.190648771
13 14 -11268122.996125579
14 14 44252144.755822174
15 14 -7887652.123554697
16 14 34723553.287114963
17 14 4551371.672241033
18 14 -17761900.773345646
19 14 295831.239943377
20 14 -1044868.932021281
21 14 146249.553966373
22 14 -1469959.666195924
23 14 -168775.129146431
24 14 355887.817336263
25 14 320613.083183478
26 14 -1278059.287762113
27 14 160008.859464503
28 14 -1588434.516399645
29 14 -101971.566295214
30 14 718036.298933867
31 14 355037.434941521
32 14 -1325473.986138203
33 14 178890.087992757
34 14 -1245903.412387910
35 14 -104963.034795857
36 14 812860.129173996
37 14 273481.136701530
38 14 -1004604.255920318
39 14 140340.801421831
40 14 -876540.881775565
41 14 -111409.303074468
42 14 510674.487141411
43 14 192518.331480299
44 14 -904795.808595443
45 14 164374.570852718
46 14 -791340.472607288
47 14 -68531.113021232
48 14 448494.818515542
49 14 162954.891741171
50 14 -795675.570149428
51 14 164482.783601938
52 14 -728734.679380904
53 14 -52911.389397996
54 14 352765.545220483
55 14 122071.678326307
56 14 -686869.324965056
57 14 157594.767658808
58 14 -670645.026785391
59 14 -40372.353819166
60 14 249475.346951497
61 14 78412.496023788
62 14 -544220.808096496
63 14 127900.425149615
64 14 -536813.460938249
65 14 -27535.812739348
66 14 139947.575463486
67 14 16612.107624896
68 14 -497842.747727386
69 14 102774.269543743
70 14 -497534.712944676
71 14 12828.065930363
72 14 85096.477060643
73 14 14454.777569698
74 14 -370629.066556046
75 14 88678.875258960
76 14 -367361.446747429
77 14 4449.263539483
78 14 54686.995795120
79 14 1120.878767412
80 14 -401488.904309299
81 14 87887.444719008
82 14 -422006.708714971
83 14 15472.946332073
84 14 39420.043731759
85 14 -4286.197706366
86 14 -460171.296728970
87 14 101078.224000905
88 14 -471660.650955075
89 14 13730.924747148
90 14 -2813.214984135
91 14 4016.020836306
92 14 -402648.078158481
93 14 95927.660803239
94 14 -410459.225226127
95 14 -584.893210688
96 14 -17618.030074569
97 14 4492.869473995
98 14 -430861.745442286
99 14 103515.520435241
100 14 -435949.644270381
101 14 -8432.927472989
102 14 -50867.816511759
103 14 10331.585250940
104 14 -346173.850864812
105 14 87860.016938458
106 14 -333618.682515412
107 14 -18808.137334065
108 14 -49172.251158752
109 14 9625.907976971
110 14 -337590.156823065
111 14 83243.305735187
112 14 -318298.367239896
113 14 -19118.084781048
114 14 -56801.477480303
115 14 6097.631991558
116 14 -326381.233269153
117 14 72021.787385260
118 14 -312803.134055870
119 14 -16840.823899817
120 14 -67147.625370623
1 15 148640.882593705
2 15 153366.152677176
3 15 -140185.380465363
4 15 181115.156936194
5 15 -87657.830159183
6 15 -7663.501584011
7 15 190809.201525934
8 15 171202.536743850
9 15 -179810.482047158
10 15 201794.700086749
11 15 -152811.365214577
12 15 -16459.432393542
13 15 -11153145.843296573
14 15 -7887652.123554697
15 15 15611230.552563773
16 15 -8691296.930077253
17 15 11665227.259841036
18 15 24766.169526360
19 15 166963.400440786
20 15 119694.053321140
21 15 -194372.667746503
22 15 170034.702576961
23 15 -138443.931767060
24 15 -801.448865840
25 15 181419.953763542
26 15 146218.831624020
27 15 -235670.398833782
28 15 210347.574940522
29 15 -214894.635737549
30 15 -25942.526197138
31 15 205489.195468944
32 15 148494.990444800
33 15 -247342.484271825
34 15 205167.439267363
35 15 -259106.041399382
36 15 -26312.234445138
37 15 183509.267855524
38 15 109408.700013847
39 15 -195357.936145224
40 15 113459.776810858
41 15 -190973.579700327
42 15 -9102.638676161
43 15 239461.037328436
44 15 103491.842542482
45 15 -174749.708656443
46 15 132188.063364650
47 15 -274818.795349592
48 15 16408.998531202
49 15 225715.984156843
50 15 94610.137145023
51 15 -152384.154406016
52 15 125562.611384709
53 15 -250848.463351998
54 15 26495.327266529
55 15 221523.477652854
56 15 86416.320099782
57 15 -124363.394776617
58 15 116999.791325321
59 15 -237489.455491307
60 15 37712.390927628
61 15 197960.647295290
62 15 79600.434114038
63 15 -88941.456041116
64 15 98879.605603172
65 15 -198943.373529037
66 15 36865.362374373
67 15 198065.289929870
68 15 65153.729487526
69 15 -65714.565657977
70 15 73653.395946433
71 15 -197161.171539808
72 15 33376.548081870
73 15 164263.503311541
74 15 53467.670183648
75 15 -43527.752766023
76 15 60144.919393376
77 15 -158363.256821339
78 15 31214.575005388
79 15 176110.954769336
80 15 54989.238882589
81 15 -39296.382965923
82 15 61647.875258258
