# name: debug
# type: sparse matrix
# nnz: 900
# rows: 30
# columns: 30

1 1 156508351.903517514
2 1 -2104822.164491187
3 1 -869440.616567118
4 1 -1921192.042642647
5 1 -117437692.119993001
6 1 -5202707.369724105
7 1 -746953.491820780
8 1 76506.462842995
9 1 113098.016221500
10 1 97403.765266257
11 1 2770682.307907074
12 1 -99345.149530704
13 1 -64942.470274572
14 1 -407.862004602
15 1 -3659.706730000
16 1 -734973.723889999
17 1 7209978.528551019
18 1 95808.397515969
19 1 -64574.759415007
20 1 -10341.986960418
21 1 -11710.004277141
22 1 -27951.304188103
23 1 236284.041674728
24 1 29478.561832941
25 1 -60294.733550542
26 1 -12536.579216627
27 1 -5929.136087020
28 1 -32643.311865697
29 1 228391.020953444
30 1 10163.437381948
1 2 -2104822.164491188
2 2 174657962.087938309
3 2 816404.084933991
4 2 142466950.529903710
5 2 1911260.565846799
6 2 -19132042.176578131
7 2 83856.832535903
8 2 -1571958.108034295
9 2 19932.280800333
10 2 -4413024.947925940
11 2 -96668.084543966
12 2 1678290.321650173
13 2 13945.952778472
14 2 -118023.557759581
15 2 9817.069639171
16 2 -7244479.675410260
17 2 -26917.330899253
18 2 1340207.332423051
19 2 5541.687051117
20 2 -117144.442180629
21 2 8724.706792380
22 2 -321177.262016537
23 2 -18729.216280060
24 2 -7887.571346677
25 2 3586.526713681
26 2 -108542.622994695
27 2 11545.406046577
28 2 -311269.126983246
29 2 -12092.556703609
30 2 38803.807269613
1 3 -869440.616567117
2 3 816404.084933991
3 3 130338846.472204939
4 3 4749234.521362759
5 3 12547671.645397805
6 3 9931.476795847
7 3 115658.415565140
8 3 -32223.626103072
9 3 -235078.439278505
10 3 -130400.017236135
11 3 -655529.417392927
12 3 33331.429848844
13 3 -150.349978455
14 3 -16455.992454995
15 3 -16886.203913929
16 3 -1254494.144498913
17 3 -1318875.342337535
18 3 237627.903748548
19 3 -7867.557950258
20 3 -20899.026061955
21 3 -16618.962145733
22 3 -62289.048322538
23 3 11042.563859781
24 3 -4647.816766233
25 3 -4082.640314380
26 3 -19946.415539121
27 3 -14270.361900328
28 3 -59068.542993435
29 3 -5755.877042487
30 3 4117.011596914
1 4 -1921192.042642647
2 4 142466950.529903740
3 4 4749234.521362759
4 4 624663876.519662619
5 4 78630.625817352
6 4 -97721071.064930260
7 4 135661.728960863
8 4 -4321274.988592278
9 4 -912.097414735
10 4 -15014778.841867501
11 4 -54081.160853504
12 4 5493016.410140401
13 4 36352.899940840
14 4 -339433.107955709
15 4 18276.126482917
16 4 -125461989.795119524
17 4 -4438282.401371884
18 4 23233182.286723785
19 4 13363.250820888
20 4 -294746.003001215
21 4 7570.990842163
22 4 -857492.937070008
23 4 -49413.343903201
24 4 51197.744896647
25 4 12578.240304985
26 4 -280313.860743859
27 4 16758.677784047
28 4 -857601.323294868
29 4 -44084.010086875
30 4 175373.096692502
1 5 -117437692.119993031
2 5 1911260.565846799
3 5 12547671.645397805
4 5 78630.625817352
5 5 624011817.284021497
6 5 41354022.098693706
7 5 2676747.982301720
8 5 -133480.813487950
9 5 -630410.455325827
10 5 -89240.692402796
11 5 -12429507.060902454
12 5 -296714.005399510
13 5 227539.481639426
14 5 1411.788918382
15 5 -13634.104370644
16 5 8760563.462913591
17 5 -126595922.589223519
18 5 -905529.358994910
19 5 185793.886521812
20 5 27952.365320506
21 5 20138.463491017
22 5 71519.782204125
23 5 -717751.330901817
24 5 -40470.751444453
25 5 176880.446884930
26 5 26084.214387027
27 5 1546.764445153
28 5 68495.936791363
29 5 -717102.553375441
30 5 17948.794318177
1 6 -5202707.369724104
2 6 -19132042.176578131
3 6 9931.476795847
4 6 -97721071.064930260
5 6 41354022.098693706
6 6 282616741.270916164
7 6 -43661.469458070
8 6 1603480.296385102
9 6 -34257.650290655
10 6 5397969.790736218
11 6 -821570.385800063
12 6 -6924082.705941989
13 6 33244.131364530
14 6 53473.919557984
15 6 -5512.426132241
16 6 25125671.878585294
17 6 -23868301.033767484
18 6 -4886071.684171304
19 6 56267.552267157
20 6 -1508.244963267
21 6 4191.332542264
22 6 66970.587104143
23 6 -242579.955047736
24 6 -400724.495353949
25 6 42844.976643862
26 6 31215.896373564
27 6 -1832.230864185
28 6 155396.408684964
29 6 -217433.535273513
30 6 -387501.564839389
1 7 -746953.491820780
2 7 83856.832535903
3 7 115658.415565140
4 7 135661.728960863
5 7 2676747.982301720
6 7 -43661.469458070
7 7 157449400.491167843
8 7 -2468486.798429396
9 7 -146282.415158995
10 7 -2928768.625990100
11 7 -119706574.242951661
12 7 1303129.783211040
13 7 -63642.651811008
14 7 5.625548000
15 7 -2201.230579435
16 7 -332211.429731759
17 7 3572573.421327326
18 7 33903.275869296
19 7 -64222.261780309
20 7 -10877.800121712
21 7 -10770.109966600
22 7 -28737.100599089
23 7 233202.250820846
24 7 24736.452060239
25 7 -72011.985029808
26 7 -14541.548497891
27 7 -6818.680375477
28 7 -40655.019318827
29 7 307304.051591278
30 7 4151.485540504
1 8 76506.462842995
2 8 -1571958.108034295
3 8 -32223.626103072
4 8 -4321274.988592278
5 8 -133480.813487950
6 8 1603480.296385102
7 8 -2468486.798429396
8 8 177673505.328740448
9 8 -136657.700800401
10 8 147662367.753400713
11 8 2911158.035473752
12 8 -17133371.810233284
13 8 13818.169140795
14 8 -118245.752080209
15 8 9237.017810915
16 8 -3699894.858588556
17 8 -57046.449396671
18 8 697526.682022699
19 8 4625.041522805
20 8 -121297.083544589
21 8 8386.534485711
22 8 -331165.366368645
23 8 -16668.304424651
24 8 -4152.923432697
25 8 3592.893059412
26 8 -126907.833099722
27 8 12196.480225279
28 8 -402926.623123018
29 8 -17218.489300068
30 8 37483.685909046
1 9 113098.016221500
2 9 19932.280800333
3 9 -235078.439278505
4 9 -912.097414735
5 9 -630410.455325827
6 9 -34257.650290655
7 9 -146282.415158996
8 9 -136657.700800401
9 9 131148364.927617073
10 9 630935.335654585
11 9 10890495.986348035
12 9 17610.590516351
13 9 309.718842103
14 9 -13044.963824924
15 9 -16994.272895326
16 9 -530000.999368358
17 9 -649980.941233809
18 9 102293.240802278
19 9 -7937.770966308
20 9 -18191.810064206
21 9 -17121.946998787
22 9 -54401.093073226
23 9 10778.917067608
24 9 -3259.395247529
25 9 -5211.667956902
26 9 -20293.344384979
27 9 -15730.659483727
28 9 -68606.956963732
29 9 -5687.894078660
30 9 3428.533279752
1 10 97403.765266257
2 10 -4413024.947925940
3 10 -130400.017236135
4 10 -15014778.841867501
5 10 -89240.692402796
6 10 5397969.790736218
7 10 -2928768.625990100
8 10 147662367.753400713
9 10 630935.335654585
10 10 604333413.097519755
11 10 -90202.241688614
12 10 -88255210.548488289
13 10 36218.422377676
14 10 -317187.004347949
15 10 19286.310102580
16 10 -72546255.542937666
17 10 -2799168.939435088
18 10 13454071.334241992
19 10 12142.019871413
20 10 -307289.395379616
21 10 7902.960539975
22 10 -891484.601745158
23 10 -47545.014073272
24 10 68778.870906746
25 10 15595.623260733
26 10 -353654.494900234
27 10 19034.682180407
28 10 -1309418.037610275
29 10 -75144.481623142
30 10 192885.890003821
1 11 2770682.307907074
2 11 -96668.084543966
3 11 -655529.417392927
4 11 -54081.160853504
5 11 -12429507.060902454
6 11 -821570.385800063
7 11 -119706574.242951661
8 11 2911158.035473751
9 11 10890495.986348037
10 11 -90202.241688614
11 11 604491966.351337910
12 11 16578356.231742814
13 11 201260.546891913
14 11 -2260.015862672
15 11 -13377.465236368
16 11 4874230.472165710
17 11 -72757407.662802428
18 11 -470142.088442227
19 11 190251.524270186
20 11 28718.503104490
21 11 17765.060517954
22 11 72644.883382550
23 11 -733938.874827306
24 11 -35436.567512280
25 11 237718.713704605
26 11 33207.180494516
27 11 2327.786188330
28 11 105702.606792795
29 11 -1149610.995689109
30 11 26901.327111031
1 12 -99345.149530704
2 12 1678290.321650173
3 12 33331.429848844
4 12 5493016.410140401
5 12 -296714.005399510
6 12 -6924082.705941989
7 12 1303129.783211040
8 12 -17133371.810233284
9 12 17610.590516351
10 12 -88255210.548488289
11 12 16578356.231742814
12 12 295888792.741029322
13 12 16396.705121764
14 12 59447.309379197
15 12 -5245.363245976
16 12 14401833.312016867
17 12 -11554814.896411436
18 12 -2986799.525533406
19 12 49138.414810301
20 12 -195.797919791
21 12 3064.034829375
22 12 76098.004057175
23 12 -217097.703995107
24 12 -426401.656611207
