# name: debug
# type: sparse matrix
# nnz: 900
# rows: 30
# columns: 30

1 1 156508351.903517514
2 1 -2104822.164491187
3 1 -869440.616567118
4 1 -1921192.042642647
5 1 -117437692.119993001
6 1 -5202707.369724105
7 1 -746953.491820780
8 1 76506.462842995
9 1 113098.016221500
10 1 97403.765266257
11 1 2770682.307907074
12 1 -99345.149530704
13 1 -64942.470274572
14 1 -407.862004602
15 1 -3659.706730000
16 1 -734973.723889999
17 1 7209978.528551019
18 1 95808.397515969
19 1 -64574.759415007
20 1 -10341.986960418
21 1 -11710.004277141
22 1 -27951.304188103
23 1 236284.041674728
24 1 29478.561832941
25 1 -60294.733550542
26 1 -12536.579216627
27 1 -5929.136087020
28 1 -32643.311865697
29 1 228391.020953444
30 1 10163.437381948
1 2 -2104822.164491188
2 2 174657962.087938309
3 2 816404.084933991
4 2 142466950.529903710
5 2 1911260.565846799
6 2 -19132042.176578131
7 2 83856.832535903
8 2 -1571958.108034295
9 2 19932.280800333
10 2 -4413024.947925940
11 2 -96668.084543966
12 2 1678290.321650173
13 2 13945.952778472
14 2 -118023.557759581
15 2 9817.069639171
16 2 -7244479.675410260
17 2 -26917.330899253
18 2 1340207.332423051
19 2 5541.687051117
20 2 -117144.442180629
21 2 8724.706792380
22 2 -321177.262016537
23 2 -18729.216280060
24 2 -7887.571346677
25 2 3586.526713681
26 2 -108542.622994695
27 2 11545.406046577
28 2 -311269.126983246
29 2 -12092.556703609
30 2 38803.807269613
1 3 -869440.616567117
2 3 816404.084933991
3 3 130338846.472204939
4 3 4749234.521362759
5 3 12547671.645397805
6 3 9931.476795847
7 3 115658.415565140
8 3 -32223.626103072
9 3 -235078.439278505
10 3 -130400.017236135
11 3 -655529.417392927
12 3 33331.429848844
13 3 -150.349978455
14 3 -16455.992454995
15 3 -16886.203913929
16 3 -1254494.144498913
17 3 -1318875.342337535
18 3 237627.903748548
19 3 -7867.557950258
20 3 -20899.026061955
21 3 -16618.962145733
22 3 -62289.048322538
23 3 11042.563859781
24 3 -4647.816766233
25 3 -4082.640314380
26 3 -19946.415539121
27 3 -14270.361900328
28 3 -59068.542993435
29 3 -5755.877042487
30 3 4117.011596914
1 4 -1921192.042642647
2 4 142466950.529903740
3 4 4749234.521362759
4 4 624663876.519662619
5 4 78630.625817352
6 4 -97721071.064930260
7 4 135661.728960863
8 4 -4321274.988592278
9 4 -912.097414735
10 4 -15014778.841867501
11 4 -54081.160853504
12 4 5493016.410140401
13 4 36352.899940840
14 4 -339433.107955709
15 4 18276.126482917
16 4 -125461989.795119524
17 4 -4438282.401371884
18 4 23233182.286723785
19 4 13363.250820888
20 4 -294746.003001215
21 4 7570.990842163
22 4 -857492.937070008
23 4 -49413.343903201
24 4 51197.744896647
25 4 12578.240304985
26 4 -280313.860743859
27 4 16758.677784047
28 4 -857601.323294868
29 4 -44084.010086875
30 4 175373.096692502
1 5 -117437692.119993031
2 5 1911260.565846799
3 5 12547671.645397805
4 5 78630.625817352
5 5 624011817.284021497
6 5 41354022.098693706
7 5 2676747.982301720
8 5 -133480.813487950
9 5 -630410.455325827
10 5 -89240.692402796
11 5 -12429507.060902454
12 5 -296714.005399510
13 5 227539.481639426
14 5 1411.788918382
15 5 -13634.104370644
16 5 8760563.462913591
17 5 -126595922.589223519
18 5 -905529.358994910
19 5 185793.886521812
20 5 27952.365320506
21 5 20138.463491017
22 5 71519.782204125
23 5 -717751.330901817
24 5 -40470.751444453
25 5 176880.446884930
26 5 26084.214387027
27 5 1546.764445153
28 5 68495.936791363
29 5 -717102.553375441
30 5 17948.794318177
1 6 -5202707.369724104
2 6 -19132042.176578131
3 6 9931.476795847
4 6 -97721071.064930260
5 6 41354022.098693706
6 6 282616741.270916164
7 6 -43661.469458070
8 6 1603480.296385102
9 6 -34257.650290655
10 6 5397969.790736218
11 6 -821570.385800063
12 6 -6924082.705941989
13 6 33244.131364530
14 6 53473.919557984
15 6 -5512.426132241
16 6 25125671.878585294
17 6 -23868301.033767484
18 6 -4886071.684171304
19 6 56267.552267157
20 6 -1508.244963267
21 6 4191.332542264
22 6 66970.587104143
23 6 -242579.955047736
24 6 -400724.495353949
25 6 42844.976643862
26 6 31215.896373564
27 6 -1832.230864185
28 6 155396.408684964
29 6 -217433.535273513
30 6 -387501.564839389
1 7 -746953.491820780
2 7 83856.832535903
3 7 115658.415565140
4 7 135661.728960863
5 7 2676747.982301720
6 7 -43661.469458070
7 7 157449400.491167843
8 7 -2468486.798429396
9 7 -146282.415158995
10 7 -2928768.625990100
11 7 -119706574.242951661
12 7 1303129.783211040
13 7 -63642.651811008
14 7 5.625548000
15 7 -2201.230579435
16 7 -332211.429731759
17 7 3572573.421327326
18 7 33903.275869296
19 7 -64222.261780309
20 7 -10877.800121712
21 7 -10770.109966600
22 7 -28737.100599089
23 7 233202.250820846
24 7 24736.452060239
25 7 -72011.985029808
26 7 -14541.548497891
27 7 -6818.680375477
28 7 -40655.019318827
29 7 307304.051591278
30 7 4151.485540504
1 8 76506.462842995
2 8 -1571958.108034295
3 8 -32223.626103072
4 8 -4321274.988592278
5 8 -133480.813487950
6 8 1603480.296385102
7 8 -2468486.798429396
8 8 177673505.328740448
9 8 -136657.700800401
10 8 147662367.753400713
11 8 2911158.035473752
12 8 -17133371.810233284
13 8 13818.169140795
14 8 -118245.752080209
15 8 9237.017810915
16 8 -3699894.858588556
17 8 -57046.449396671
18 8 697526.682022699
19 8 4625.041522805
20 8 -121297.083544589
21 8 8386.534485711
22 8 -331165.366368645
23 8 -16668.304424651
24 8 -4152.923432697
25 8 3592.893059412
26 8 -126907.833099722
27 8 12196.480225279
28 8 -402926.623123018
29 8 -17218.489300068
30 8 37483.685909046
1 9 113098.016221500
2 9 19932.280800333
3 9 -235078.439278505
4 9 -912.097414735
5 9 -630410.455325827
6 9 -34257.650290655
7 9 -146282.415158996
8 9 -136657.700800401
9 9 131148364.927617073
10 9 630935.335654585
11 9 10890495.986348035
12 9 17610.590516351
13 9 309.718842103
14 9 -13044.963824924
15 9 -16994.272895326
16 9 -530000.999368358
17 9 -649980.941233809
18 9 102293.240802278
19 9 -7937.770966308
20 9 -18191.810064206
21 9 -17121.946998787
22 9 -54401.093073226
23 9 10778.917067608
24 9 -3259.395247529
25 9 -5211.667956902
26 9 -20293.344384979
27 9 -15730.659483727
28 9 -68606.956963732
29 9 -5687.894078660
30 9 3428.533279752
1 10 97403.765266257
2 10 -4413024.947925940
3 10 -130400.017236135
4 10 -15014778.841867501
5 10 -89240.692402796
6 10 5397969.790736218
7 10 -2928768.625990100
8 10 147662367.753400713
9 10 630935.335654585
10 10 604333413.097519755
11 10 -90202.241688614
12 10 -88255210.548488289
13 10 36218.422377676
14 10 -317187.004347949
15 10 19286.310102580
16 10 -72546255.542937666
17 10 -2799168.939435088
18 10 13454071.334241992
19 10 12142.019871413
20 10 -307289.395379616
21 10 7902.960539975
22 10 -891484.601745158
23 10 -47545.014073272
24 10 68778.870906746
25 10 15595.623260733
26 10 -353654.494900234
27 10 19034.682180407
28 10 -1309418.037610275
29 10 -75144.481623142
30 10 192885.890003821
1 11 2770682.307907074
2 11 -96668.084543966
3 11 -655529.417392927
4 11 -54081.160853504
5 11 -12429507.060902454
6 11 -821570.385800063
7 11 -119706574.242951661
8 11 2911158.035473751
9 11 10890495.986348037
10 11 -90202.241688614
11 11 604491966.351337910
12 11 16578356.231742814
13 11 201260.546891913
14 11 -2260.015862672
15 11 -13377.465236368
16 11 4874230.472165710
17 11 -72757407.662802428
18 11 -470142.088442227
19 11 190251.524270186
20 11 28718.503104490
21 11 17765.060517954
22 11 72644.883382550
23 11 -733938.874827306
24 11 -35436.567512280
25 11 237718.713704605
26 11 33207.180494516
27 11 2327.786188330
28 11 105702.606792795
29 11 -1149610.995689109
30 11 26901.327111031
1 12 -99345.149530704
2 12 1678290.321650173
3 12 33331.429848844
4 12 5493016.410140401
5 12 -296714.005399510
6 12 -6924082.705941989
7 12 1303129.783211040
8 12 -17133371.810233284
9 12 17610.590516351
10 12 -88255210.548488289
11 12 16578356.231742814
12 12 295888792.741029322
13 12 16396.705121764
14 12 59447.309379197
15 12 -5245.363245976
16 12 14401833.312016867
17 12 -11554814.896411436
18 12 -2986799.525533406
19 12 49138.414810301
20 12 -195.797919791
21 12 3064.034829375
22 12 76098.004057175
23 12 -217097.703995107
24 12 -426401.656611207
25 12 47244.669710701
26 12 31212.882452656
27 12 -1409.634354478
28 12 179984.962849775
29 12 -284983.419892188
30 12 -428056.413642180
1 13 -64942.470274572
2 13 13945.952778472
3 13 -150.349978455
4 13 36352.899940840
5 13 227539.481639426
6 13 33244.131364530
7 13 -63642.651811008
8 13 13818.169140795
9 13 309.718842103
10 13 36218.422377676
11 13 201260.546891913
12 13 16396.705121764
13 13 124023099.371163025
14 13 -5044.527687069
15 13 1362150.258266466
16 13 -197465.809367442
17 13 -15383186.505270826
18 13 1348516.519475435
19 13 -39477.615252311
20 13 -4030.181198119
21 13 -6285.366603102
22 13 -7450.423701587
23 13 140762.684314864
24 13 10617.703367405
25 13 -38126.521964682
26 13 -3837.647049689
27 13 -5846.163973226
28 13 -6738.339865514
29 13 142600.537402177
30 13 -8711.063530449
1 14 -407.862004602
2 14 -118023.557759581
3 14 -16455.992454995
4 14 -339433.107955709
5 14 1411.788918382
6 14 53473.919557984
7 14 5.625548000
8 14 -118245.752080209
9 14 -13044.963824924
10 14 -317187.004347949
11 14 -2260.015862672
12 14 59447.309379197
13 14 -5044.528212175
14 14 126760671.659998789
15 14 -266843.582447797
16 14 19358403.668281402
17 14 196197.039076110
18 14 4051724.673733839
19 14 -2717.316317021
20 14 -84516.318839459
21 14 228.863087206
22 14 -238444.881123080
23 14 3765.152946163
24 14 33966.054152216
25 14 -1511.110553408
26 14 -94532.331150278
27 14 4086.813638363
28 14 -264685.955362482
29 14 612.186773122
30 14 40597.317221583
1 15 -3659.706730000
2 15 9817.069639171
3 15 -16886.203913929
4 15 18276.126482917
5 15 -13634.104370644
6 15 -5512.426132241
7 15 -2201.230579435
8 15 9237.017810915
9 15 -16994.272895326
10 15 19286.310102580
11 15 -13377.465236368
12 15 -5245.363245976
13 15 1362150.258431353
14 15 -266843.582517730
15 15 120784506.131549060
16 15 -822599.266589290
17 15 -3417401.074220412
18 15 1373.710201758
19 15 -6254.822723247
20 15 -2791.101809053
21 15 -12242.272408440
22 15 -10960.742353504
23 15 6227.670631966
24 15 541.584413086
25 15 -5903.563522387
26 15 -2920.345272558
27 15 -13622.141829248
28 15 -7161.032533836
29 15 4010.627570860
30 15 1273.596621471
1 16 -734973.723889999
2 16 -7244479.675410260
3 16 -1254494.144498913
4 16 -125461989.795119524
5 16 8760563.462913591
6 16 25125671.878585294
7 16 -332211.429731759
8 16 -3699894.858588556
9 16 -530000.999368358
10 16 -72546255.542937666
11 16 4874230.472165710
12 16 14401833.312016867
13 16 -197334.129802996
14 16 19358461.584052887
15 16 -822605.702584213
16 16 1451929661.185596466
17 16 -347580719.205038905
18 16 -126424204.986793920
19 16 -3849.543748125
20 16 -237316.851396682
21 16 -3673.383520234
22 16 -702609.981488899
23 16 1899.667799221
24 16 158742.253455852
25 16 -238.043545684
26 16 -262335.935576799
27 16 9344.533472270
28 16 -769253.083631466
29 16 -5449.060760884
30 16 196469.245840676
1 17 7209978.528551019
2 17 -26917.330899253
3 17 -1318875.342337535
4 17 -4438282.401371884
5 17 -126595922.589223519
6 17 -23868301.033767484
7 17 3572573.421327326
8 17 -57046.449396671
9 17 -649980.941233809
10 17 -2799168.939435088
11 17 -72757407.662802428
12 17 -11554814.896411436
13 17 -15383547.060080396
14 17 196321.798662087
15 17 -3417448.758170836
16 17 -276026965.719199061
17 17 -70442549.282098442
18 17 55380231.293697730
19 17 137389.991411106
20 17 7093.573793931
21 17 5836.169961747
22 17 11494.195436704
23 17 -534238.910184311
24 17 -35387.630523986
25 17 137325.556478359
26 17 5509.178059543
27 17 3079.588310279
28 17 8082.125741558
29 17 -559550.651610025
30 17 37729.314805287
1 18 95808.397515969
2 18 1340207.332423051
3 18 237627.903748548
4 18 23233182.286723785
5 18 -905529.358994910
6 18 -4886071.684171304
7 18 33903.275869296
8 18 697526.682022699
9 18 102293.240802278
10 18 13454071.334241992
11 18 -470142.088442227
12 18 -2986799.525533406
13 18 1348484.571606074
14 18 4051862.914210447
15 18 1376.145346131
16 18 -227710992.986793905
17 18 62001064.793697730
18 18 165145994.504628330
19 18 13076.334239168
20 18 34143.727656755
21 18 -139.816391834
22 18 152542.915329874
23 18 -58872.357353587
24 18 -404425.295341050
25 18 -2106.614421729
26 18 39425.375810290
27 18 -483.341547406
28 18 179197.353335400
29 18 -20936.354990664
30 18 -486784.238853393
1 19 -64574.759415007
2 19 5541.687051117
3 19 -7867.557950258
4 19 13363.250820888
5 19 185793.886521812
6 19 56267.552267157
7 19 -64222.261780309
8 19 4625.041522805
9 19 -7937.770966308
10 19 12142.019871413
11 19 190251.524270186
12 19 49138.414810301
13 19 -39477.615252311
14 19 -2717.316317021
15 19 -6254.822723247
16 19 -3849.543748125
17 19 137389.991411106
18 19 13076.334239168
19 19 135774963.152005792
20 19 -639761.878857736
21 19 2853786.622777782
22 19 -847378.128875031
23 19 -48541830.018993855
24 19 9309.577092176
25 19 -402370.081624188
26 19 55095.507386419
27 19 -7097.856628196
28 19 94725.685085868
29 19 1316260.407357427
30 19 118956.608777964
1 20 -10341.986960418
2 20 -117144.442180629
3 20 -20899.026061955
4 20 -294746.003001215
5 20 27952.365320506
6 20 -1508.244963267
7 20 -10877.800121712
8 20 -121297.083544589
9 20 -18191.810064206
10 20 -307289.395379616
11 20 28718.503104490
12 20 -195.797919791
13 20 -4030.181198119
14 20 -84516.318839459
15 20 -2791.101809053
16 20 -237316.851396682
17 20 7093.573793931
18 20 34143.727656755
19 20 -639761.878857736
20 20 143669873.720308840
21 20 -355156.195994596
22 20 59485681.286195941
23 20 842167.948112356
24 20 9428850.915790381
25 20 62625.818833512
26 20 -772570.667370172
27 20 16573.234019244
28 20 -2059028.901350986
29 20 -113168.436694002
30 20 196796.866339616
1 21 -11710.004277141
2 21 8724.706792380
3 21 -16618.962145733
4 21 7570.990842163
5 21 20138.463491017
6 21 4191.332542264
7 21 -10770.109966600
8 21 8386.534485711
9 21 -17121.946998787
10 21 7902.960539975
11 21 17765.060517954
12 21 3064.034829375
13 21 -6285.366603102
14 21 228.863087206
15 21 -12242.272408440
16 21 -3673.383520234
17 21 5836.169961747
18 21 -139.816391834
19 21 2853786.622777782
20 21 -355156.195994596
21 21 124648312.412241653
22 21 -495068.675204321
23 21 -6753083.845870066
24 21 5210.180762674
25 21 -5809.828740747
26 21 -12302.015299836
27 21 -125024.754244883
28 21 -45952.175011691
29 21 -46411.838993131
30 21 3757.231768240
1 22 -27951.304188103
2 22 -321177.262016537
3 22 -62289.048322538
4 22 -857492.937070008
5 22 71519.782204125
6 22 66970.587104143
7 22 -28737.100599089
8 22 -331165.366368645
9 22 -54401.093073226
10 22 -891484.601745158
11 22 72644.883382550
12 22 76098.004057175
13 22 -7450.423701587
14 22 -238444.881123080
15 22 -10960.742353504
16 22 -702609.981488899
17 22 11494.195436704
18 22 152542.915329874
19 22 -847378.128875031
20 22 59485681.286195949
21 22 -495068.675204322
22 22 281270506.933488607
23 22 -71336.667748240
24 22 13135574.327678178
25 22 117471.763386558
26 22 -2047839.323513130
27 22 19434.657258176
28 22 -5847736.715074856
29 22 -170562.029869035
30 22 855737.744631130
1 23 236284.041674728
2 23 -18729.216280060
3 23 11042.563859781
4 23 -49413.343903201
5 23 -717751.330901817
6 23 -242579.955047736
7 23 233202.250820846
8 23 -16668.304424651
9 23 10778.917067608
10 23 -47545.014073272
11 23 -733938.874827306
12 23 -217097.703995107
13 23 140762.684314864
14 23 3765.152946163
15 23 6227.670631966
16 23 1899.667799221
17 23 -534238.910184311
18 23 -58872.357353587
19 23 -48541830.018993855
20 23 842167.948112356
21 23 -6753083.845870066
22 23 -71336.667748240
23 23 281405460.869965732
24 23 1255758.818061632
25 23 1294495.006870623
26 23 -99461.420575837
27 23 -45500.155722234
28 23 -125341.295191394
29 23 -4663556.037159372
30 23 -270858.585089355
1 24 29478.561832941
2 24 -7887.571346677
3 24 -4647.816766233
4 24 51197.744896647
5 24 -40470.751444453
6 24 -400724.495353949
7 24 24736.452060239
8 24 -4152.923432697
9 24 -3259.395247529
10 24 68778.870906746
11 24 -35436.567512280
12 24 -426401.656611207
13 24 10617.703367405
14 24 33966.054152216
15 24 541.584413086
16 24 158742.253455852
17 24 -35387.630523986
18 24 -404425.295341050
19 24 9309.577092177
20 24 9428850.915790379
21 24 5210.180762674
22 24 13135574.327678178
23 24 1255758.818061632
24 24 201260157.028844655
25 24 151147.329417331
26 24 191460.536827158
27 24 -3370.881654033
28 24 818906.801589528
29 24 -541782.055930921
30 24 -4557366.180635560
1 25 -60294.733550542
2 25 3586.526713681
3 25 -4082.640314380
4 25 12578.240304985
5 25 176880.446884930
6 25 42844.976643862
7 25 -72011.985029808
8 25 3592.893059412
9 25 -5211.667956902
10 25 15595.623260733
11 25 237718.713704605
12 25 47244.669710701
13 25 -38126.521964682
14 25 -1511.110553408
15 25 -5903.563522387
16 25 -238.043545684
17 25 137325.556478359
18 25 -2106.614421729
19 25 -402370.081624188
20 25 62625.818833512
21 25 -5809.828740747
22 25 117471.763386558
23 25 1294495.006870623
24 25 151147.329417331
25 25 136905006.472888559
26 25 -475036.814829062
27 25 2833662.811695216
28 25 -916075.404546387
29 25 -53019000.875975251
30 25 4015818.635188847
1 26 -12536.579216627
2 26 -108542.622994695
3 26 -19946.415539121
4 26 -280313.860743859
5 26 26084.214387027
6 26 31215.896373564
7 26 -14541.548497891
8 26 -126907.833099722
9 26 -20293.344384979
10 26 -353654.494900234
11 26 33207.180494516
12 26 31212.882452656
13 26 -3837.647049689
14 26 -94532.331150278
15 26 -2920.345272558
16 26 -262335.935576799
17 26 5509.178059543
18 26 39425.375810290
19 26 55095.507386419
20 26 -772570.667370172
21 26 -12302.015299836
22 26 -2047839.323513130
23 26 -99461.420575837
24 26 191460.536827158
25 26 -475036.814829062
26 26 145029246.507128805
27 26 -1039185.217113070
28 26 64555981.790581450
29 26 909596.631918620
30 26 8041317.628957467
1 27 -5929.136087020
2 27 11545.406046577
3 27 -14270.361900328
4 27 16758.677784047
5 27 1546.764445153
6 27 -1832.230864185
7 27 -6818.680375477
8 27 12196.480225279
9 27 -15730.659483727
10 27 19034.682180407
11 27 2327.786188330
12 27 -1409.634354478
13 27 -5846.163973226
14 27 4086.813638363
15 27 -13622.141829248
16 27 9344.533472270
17 27 3079.588310279
18 27 -483.341547406
19 27 -7097.856628196
20 27 16573.234019244
21 27 -125024.754244883
22 27 19434.657258176
23 27 -45500.155722234
24 27 -3370.881654033
25 27 2833662.811695216
26 27 -1039185.217113070
27 27 124979073.638145879
28 27 -3011974.741621314
29 27 -6009167.291798663
30 27 6478.772627767
1 28 -32643.311865697
2 28 -311269.126983246
3 28 -59068.542993435
4 28 -857601.323294868
5 28 68495.936791363
6 28 155396.408684964
7 28 -40655.019318827
8 28 -402926.623123018
9 28 -68606.956963732
10 28 -1309418.037610275
11 28 105702.606792795
12 28 179984.962849775
13 28 -6738.339865514
14 28 -264685.955362482
15 28 -7161.032533836
16 28 -769253.083631466
17 28 8082.125741558
18 28 179197.353335400
19 28 94725.685085868
20 28 -2059028.901350986
21 28 -45952.175011691
22 28 -5847736.715074856
23 28 -125341.295191394
24 28 818906.801589528
25 28 -916075.404546387
26 28 64555981.790581442
27 28 -3011974.741621314
28 28 306461322.413505435
29 28 -242434.898766120
30 28 8583239.322683886
1 29 228391.020953444
2 29 -12092.556703609
3 29 -5755.877042487
4 29 -44084.010086875
5 29 -717102.553375441
6 29 -217433.535273513
7 29 307304.051591278
8 29 -17218.489300068
9 29 -5687.894078660
10 29 -75144.481623142
11 29 -1149610.995689109
12 29 -284983.419892188
13 29 142600.537402177
14 29 612.186773122
15 29 4010.627570860
16 29 -5449.060760884
17 29 -559550.651610025
18 29 -20936.354990664
19 29 1316260.407357427
20 29 -113168.436694002
21 29 -46411.838993131
22 29 -170562.029869035
23 29 -4663556.037159372
24 29 -541782.055930921
25 29 -53019000.875975251
26 29 909596.631918620
27 29 -6009167.291798663
28 29 -242434.898766120
29 29 306743522.691159368
30 29 -8501725.157558719
1 30 10163.437381948
2 30 38803.807269613
3 30 4117.011596914
4 30 175373.096692502
5 30 17948.794318177
6 30 -387501.564839389
7 30 4151.485540504
8 30 37483.685909046
9 30 3428.533279752
10 30 192885.890003821
11 30 26901.327111031
12 30 -428056.413642180
13 30 -8711.063530449
14 30 40597.317221583
15 30 1273.596621471
16 30 196469.245840676
17 30 37729.314805287
18 30 -486784.238853393
19 30 118956.608777964
20 30 196796.866339616
21 30 3757.231768240
22 30 855737.744631130
23 30 -270858.585089355
24 30 -4557366.180635560
25 30 4015818.635188847
26 30 8041317.628957467
27 30 6478.772627767
28 30 8583239.322683886
29 30 -8501725.157558719
30 30 211026727.480761826
