V102 : 2.5264989174007355,0.19096072981105977
xyz : 1.127805186151906,0.011586547588112362
floor : 15.252568485496647,0.09303013517391655
